{
  "epsilon_result": {
    "f1": 0.7809779887310936,
    "precision": 0.6406658724359908,
    "recall": 0.9999999962880475,
    "TP": 2694.0,
    "TN": 24174.0,
    "FP": 1511.0,
    "FN": 0.0,
    "threshold": 0.16007158067077398,
    "latency": 1.1249859376757791,
    "reg_level": 1.0
  },
  "pot_result": {
    "f1": 0.5706981764198573,
    "precision": 0.39928857210717567,
    "recall": 0.9999999962880475,
    "TP": 2694.0,
    "TN": 21632.0,
    "FP": 4053.0,
    "FN": 0.0,
    "threshold": 0.12296393321510934,
    "latency": 0.0
  },
  "bf_result": {
    "f1": 0.9998094331303373,
    "precision": 0.999628938776887,
    "recall": 0.9999999962880475,
    "TP": 2694.0,
    "TN": 25684.0,
    "FP": 1.0,
    "FN": 0.0,
    "threshold": 0.7662000000000008,
    "latency": 52.374345320683496
  }
}