{
  "epsilon_result": {
    "f1": 0.9404593161316823,
    "precision": 0.9727535420768494,
    "recall": 0.9102498056782774,
    "TP": 7069.0,
    "TN": 65615.0,
    "FP": 198.0,
    "FN": 697.0,
    "threshold": 0.7628438398241997,
    "latency": 37.13320955596815,
    "reg_level": 0.0
  },
  "pot_result": {
    "f1": 0.7653336522071782,
    "precision": 0.9913969664248321,
    "recall": 0.6232294609538637,
    "TP": 4840.0,
    "TN": 65771.0,
    "FP": 42.0,
    "FN": 2926.0,
    "threshold": 0.9279580778970457,
    "latency": 89.28528911767087
  },
  "bf_result": {
    "f1": 0.9624836808133717,
    "precision": 0.9668659031095818,
    "recall": 0.9581509130077892,
    "TP": 7441.0,
    "TN": 65558.0,
    "FP": 255.0,
    "FN": 325.0,
    "threshold": 0.7264000000000007,
    "latency": 40.15612451211089
  }
}