{
  "epsilon_result": {
    "f1": 0.9391662077960655,
    "precision": 0.9245259469504417,
    "recall": 0.9542879204812157,
    "TP": 7411.0,
    "TN": 65258.0,
    "FP": 605.0,
    "FN": 355.0,
    "threshold": 0.5629259049892426,
    "latency": 37.71863212927459,
    "reg_level": 0.0
  },
  "pot_result": {
    "f1": 0.9110985365267187,
    "precision": 0.9705925156928338,
    "recall": 0.858485705822192,
    "TP": 6667.0,
    "TN": 65661.0,
    "FP": 202.0,
    "FN": 1099.0,
    "threshold": 0.7708366067433545,
    "latency": 36.964153699451074
  },
  "bf_result": {
    "f1": 0.9545902200246527,
    "precision": 0.9549027174914281,
    "recall": 0.9542879204812157,
    "TP": 7411.0,
    "TN": 65513.0,
    "FP": 350.0,
    "FN": 355.0,
    "threshold": 0.6667000000000006,
    "latency": 42.43736738322692
  }
}