{
  "epsilon_result": {
    "f1": 0.9415103438733232,
    "precision": 0.9163822514427326,
    "recall": 0.9680659271593279,
    "TP": 7518.0,
    "TN": 65177.0,
    "FP": 686.0,
    "FN": 248.0,
    "threshold": 0.5194738954305649,
    "latency": 38.06049072578568,
    "reg_level": 0.0
  },
  "pot_result": {
    "f1": 0.806528025693086,
    "precision": 0.9900693254823509,
    "recall": 0.680401750347152,
    "TP": 5284.0,
    "TN": 65810.0,
    "FP": 53.0,
    "FN": 2482.0,
    "threshold": 0.9409836338871055,
    "latency": 66.52349274527265
  },
  "bf_result": {
    "f1": 0.9525044776446535,
    "precision": 0.9507376511215682,
    "recall": 0.9542879204812157,
    "TP": 7411.0,
    "TN": 65479.0,
    "FP": 384.0,
    "FN": 355.0,
    "threshold": 0.6667000000000006,
    "latency": 44.031112402773736
  }
}