{
  "epsilon_result": {
    "f1": 0.8578861464343633,
    "precision": 0.9738039942002312,
    "recall": 0.7666374139303354,
    "TP": 41932.0,
    "TN": 371693.0,
    "FP": 1128.0,
    "FN": 12764.0,
    "threshold": 0.56834327429533,
    "latency": 135.16926242497894,
    "reg_level": 0.0
  },
  "pot_result": {
    "f1": 0.741017641808788,
    "precision": 0.9963558874042322,
    "recall": 0.5898603187454547,
    "TP": 32263.0,
    "TN": 372703.0,
    "FP": 118.0,
    "FN": 22433.0,
    "threshold": 0.8656572652833371,
    "latency": 177.41265779857
  },
  "bf_result": {
    "f1": 0.8990583397000389,
    "precision": 0.8610255722216786,
    "recall": 0.940617229607171,
    "TP": 51448.0,
    "TN": 364517.0,
    "FP": 8304.0,
    "FN": 3248.0,
    "threshold": 0.2886000000000001,
    "latency": 112.98467729594348
  }
}