{
  "epsilon_result": {
    "f1": 0.9428299704506212,
    "precision": 0.9469992193465846,
    "recall": 0.9387071839573691,
    "TP": 7290.0,
    "TN": 65455.0,
    "FP": 408.0,
    "FN": 476.0,
    "threshold": 0.5970658957958221,
    "latency": 42.03212247702427,
    "reg_level": 0.0
  },
  "pot_result": {
    "f1": 0.7397965995639999,
    "precision": 0.992629523102906,
    "recall": 0.589621425972674,
    "TP": 4579.0,
    "TN": 65829.0,
    "FP": 34.0,
    "FN": 3187.0,
    "threshold": 0.9267388090040413,
    "latency": 83.59958200208999
  },
  "bf_result": {
    "f1": 0.9486595204782007,
    "precision": 0.9307396841398344,
    "recall": 0.9672933286540133,
    "TP": 7512.0,
    "TN": 65304.0,
    "FP": 559.0,
    "FN": 254.0,
    "threshold": 0.5274000000000004,
    "latency": 40.333211111481475
  }
}