{
  "epsilon_result": {
    "f1": 0.9409946267437148,
    "precision": 0.9160975598584177,
    "recall": 0.9672933286540133,
    "TP": 7512.0,
    "TN": 65175.0,
    "FP": 688.0,
    "FN": 254.0,
    "threshold": 0.5414337441325188,
    "latency": 38.36352011054512,
    "reg_level": 0.0
  },
  "pot_result": {
    "f1": 0.8695978959094213,
    "precision": 0.9877190093536614,
    "recall": 0.7767190306763855,
    "TP": 6032.0,
    "TN": 65788.0,
    "FP": 75.0,
    "FN": 1734.0,
    "threshold": 0.9111545080848946,
    "latency": 75.2170642736336
  },
  "bf_result": {
    "f1": 0.958454456510843,
    "precision": 0.9587681987388633,
    "recall": 0.9581509130077892,
    "TP": 7441.0,
    "TN": 65543.0,
    "FP": 320.0,
    "FN": 325.0,
    "threshold": 0.6866000000000007,
    "latency": 43.8436129887094
  }
}