{
  "epsilon_result": {
    "f1": 0.9401775435300648,
    "precision": 0.9021301764471833,
    "recall": 0.9815864010023353,
    "TP": 7623.0,
    "TN": 65036.0,
    "FP": 827.0,
    "FN": 143.0,
    "threshold": 0.5007166117429733,
    "latency": 30.85285043279284,
    "reg_level": 0.0
  },
  "pot_result": {
    "f1": 0.821434309548713,
    "precision": 0.9716848382488835,
    "recall": 0.7114344569772928,
    "TP": 5525.0,
    "TN": 65702.0,
    "FP": 161.0,
    "FN": 2241.0,
    "threshold": 0.7993078650310464,
    "latency": 50.69211272264337
  },
  "bf_result": {
    "f1": 0.9532294595938998,
    "precision": 0.9347691534413057,
    "recall": 0.9724439853561113,
    "TP": 7552.0,
    "TN": 65336.0,
    "FP": 527.0,
    "FN": 214.0,
    "threshold": 0.6070000000000005,
    "latency": 35.6665585861861
  }
}