{
  "epsilon_result": {
    "f1": 0.7711852957231778,
    "precision": 0.9940568919871741,
    "recall": 0.6299546583607659,
    "TP": 34456.0,
    "TN": 372615.0,
    "FP": 206.0,
    "FN": 20240.0,
    "threshold": 0.7379996478557587,
    "latency": 191.7732230693904,
    "reg_level": 0.0
  },
  "pot_result": {
    "f1": 0.7289319457942071,
    "precision": 0.9990768150131867,
    "recall": 0.5737896737286474,
    "TP": 31384.0,
    "TN": 372792.0,
    "FP": 29.0,
    "FN": 23312.0,
    "threshold": 0.9551046981244794,
    "latency": 287.34816895774657
  },
  "bf_result": {
    "f1": 0.9089295083213635,
    "precision": 0.9642923065479229,
    "recall": 0.8595875382368752,
    "TP": 47016.0,
    "TN": 371080.0,
    "FP": 1741.0,
    "FN": 7680.0,
    "threshold": 0.48760000000000037,
    "latency": 92.22565770055209
  }
}