{
  "epsilon_result": {
    "f1": 0.8769481978756525,
    "precision": 0.7808695629540012,
    "recall": 0.9999999962880475,
    "TP": 2694.0,
    "TN": 24878.0,
    "FP": 756.0,
    "FN": 0.0,
    "threshold": 0.19079754035919905,
    "latency": 3.2499593755078062,
    "reg_level": 1.0
  },
  "pot_result": {
    "f1": 0.6641967456282282,
    "precision": 0.497231449802083,
    "recall": 0.9999999962880475,
    "TP": 2694.0,
    "TN": 22910.0,
    "FP": 2724.0,
    "FN": 0.0,
    "threshold": 0.1333824117290914,
    "latency": 0.0
  },
  "bf_result": {
    "f1": 0.9998094331303373,
    "precision": 0.999628938776887,
    "recall": 0.9999999962880475,
    "TP": 2694.0,
    "TN": 25633.0,
    "FP": 1.0,
    "FN": 0.0,
    "threshold": 0.7264000000000007,
    "latency": 23.999700003749954
  }
}