{
  "epsilon_result": {
    "f1": 0.0,
    "precision": 0.0,
    "recall": 0.0,
    "TP": 0.0,
    "TN": 65863.0,
    "FP": 0.0,
    "FN": 7766.0,
    "threshold": 1.0,
    "latency": 0.0,
    "reg_level": 0.0
  },
  "pot_result": {
    "f1": 0.0,
    "precision": 0.0,
    "recall": 0.0,
    "TP": 0.0,
    "TN": 65863.0,
    "FP": 0.0,
    "FN": 7766.0,
    "threshold": 1.0016558457685074,
    "latency": 0.0
  },
  "bf_result": {
    "f1": 0.4208450088251291,
    "precision": 0.327075451261992,
    "recall": 0.5900077252253313,
    "TP": 4582.0,
    "TN": 56436.0,
    "FP": 9427.0,
    "FN": 3184.0,
    "threshold": 0.9851000000000011,
    "latency": 83.89429529318267
  }
}