{
  "epsilon_result": {
    "f1": 0.9431803870946277,
    "precision": 0.9202499069946712,
    "recall": 0.9672933286540133,
    "TP": 7512.0,
    "TN": 65212.0,
    "FP": 651.0,
    "FN": 254.0,
    "threshold": 0.5623778998851776,
    "latency": 38.06049072578568,
    "reg_level": 0.0
  },
  "pot_result": {
    "f1": 0.7351366194000147,
    "precision": 0.9949450527583625,
    "recall": 0.5829255722599465,
    "TP": 4527.0,
    "TN": 65840.0,
    "FP": 23.0,
    "FN": 3239.0,
    "threshold": 0.951352654262907,
    "latency": 109.2216154354698
  },
  "bf_result": {
    "f1": 0.95140131919857,
    "precision": 0.9511002432748679,
    "recall": 0.9517125921301667,
    "TP": 7391.0,
    "TN": 65483.0,
    "FP": 380.0,
    "FN": 375.0,
    "threshold": 0.6667000000000006,
    "latency": 40.374873828519284
  }
}