{
  "epsilon_result": {
    "f1": 0.9116534540037272,
    "precision": 0.9784914676578568,
    "recall": 0.8533713615523307,
    "TP": 46676.0,
    "TN": 371745.0,
    "FP": 1026.0,
    "FN": 8020.0,
    "threshold": 0.6452446281909943,
    "latency": 217.08297152838077,
    "reg_level": 0.0
  },
  "pot_result": {
    "f1": 0.8248906140221219,
    "precision": 0.9972779589886249,
    "recall": 0.7033238261109909,
    "TP": 38469.0,
    "TN": 372666.0,
    "FP": 105.0,
    "FN": 16227.0,
    "threshold": 0.8922632146575971,
    "latency": 338.9992937514713
  },
  "bf_result": {
    "f1": 0.9431359547782376,
    "precision": 0.9589576914723913,
    "recall": 0.9278375016586519,
    "TP": 50749.0,
    "TN": 370599.0,
    "FP": 2172.0,
    "FN": 3947.0,
    "threshold": 0.5274000000000004,
    "latency": 122.48418361846309
  }
}